function c = con_12_18( x)
%% ineq form : h(x) <= 0
c(1)= -85.334407 - 0.0056858*x(2)*x(5) - 0.0006262*x(1)*x(4) + 0.0022053*x(3)*x(5);
c(2)= c(1)-92;
c(3)= -80.51249 - 0.0071317*x(2)*x(5) - 0.0029955*x(1)*x(2) - 0.0021813*x(3)^2 +90;
c(4)= c(3)-20;
c(5)= -9.300961 - 0.0047026*x(3)*x(5) - 0.0012547*x(1)*x(3) - 0.0019085*x(3)*x(4) +20;
c(6) = c(5)-5;
c(7) = 78-x(1);
c(8) = x(1) -102;
c(9) = 33 - x(2);
c(10) = x(2) - 45;
c(11) = 27 - x(3);
c(12) = x(3) - 45;
c(13) = 27 - x(4);
c(14) = x(4) - 45;
c(15) = 27 - x(5);
c(16) = x(5) - 45;
end

