function f = qestion_12_18(x)
f = 5.3578547*x(3)^2 + + 0.8356891*x(1)*x(5) + 37.293239*x(1) - 40792.141;
end

%x_0 = [78.62 ; 33.44; 31.07; 44.18; 35.32];