function c = con_12_27( x)
a6 = -145421.402;
a7 = 2931.1506;
a8 = -40.427932;
a9 = 5106.192;
a10 = 15711.36;
a11 = -155011.1084;
a12 = 4360.53352;
a13 = 12.9492344;
a14 = 10236.884;
a15 = 13176.786;
a16 = -326669.5104;
a17 = 7390.68412;
a18 = -27.8986976;
a19 = 16643.076;
a20 = 30988.146;

s1 = 1;%scale1
s2 = 1e-0;
s3 = 1e-0;
%ineq form : h(x) <= 0
c(1) = -x(1)*s1;
c(2) = -(x(2) - 1.2)*s1;
c(3) = -(x(3) - 20)*s1;
c(4) = -(x(4) - 9)*s1;
c(5) = -(x(5) - 6.5)*s1;
c(6) = -(2.4- x(2))*s1;
c(7) = -(60 - x(3))*s1;
c(8) = -(9.3 - x(4))*s1;
c(9) = -(7 - x(5))*s1;

c(10) = -s2*(a6*x(1) + a7*x(1)*x(2) + a8*x(1)*x(3)+...
          a9*x(1)*x(4) + a10*x(1)*x(5));

c(11) = -s3*(294000 - (a6*x(1) + a7*x(1)*x(2) + a8*x(1)*x(3)+...
          a9*x(1)*x(4) + a10*x(1)*x(5)));

c(12) = -s2*(a11*x(1) + a12*x(1)*x(2) + a13*x(1)*x(3) +...
          a14*x(1)*x(4) + a15*x(1)*x(5));

c(13) = -s3*(294000 - (a11*x(1) + a12*x(1)*x(2) + a13*x(1)*x(3) +...
          a14*x(1)*x(4) + a15*x(1)*x(5)));
      
c(14) = -s2*(a16*x(1) + a17*x(1)*x(2) + a18*x(1)*x(3) +...
          a19*x(1)*x(4) + a20*x(1)*x(5));
      
c(15) = -s3*(277200 - (a16*x(1) + a17*x(1)*x(2) + a18*x(1)*x(3) +...
          a19*x(1)*x(4) + a20*x(1)*x(5)));
 

end

