function f = qestion_12_27(x)
a0 = -24345;
a1 = -8720288.849;
a2 = 150512.5253;
a3 = -156.6950325;
a4 = 476470.3222;
a5 = 729482.8271;

scale = 1e-2;
f = -scale*(a0 + a1*x(1) + a2*x(1)*x(2) + a3*x(1)*x(3) + a4*x(1)*x(4) + a5*x(1)*x(5));
end

